699.991014611804	15186.9950464098	0.00616217932494289	1.19594032263618e-05	1.23944392139403e-05	9.95528063522810e-05	9.36044933378692e-05
698.999702029172	18231.9035882360	0.00977782663198641	1.54947144447354e-05	1.05561274521736e-05	9.94505871711508e-05	6.86898690967786e-05
699.923395288309	17068.0726008387	0.00999962471345764	1.01402599457617e-05	1.36194117064104e-05	9.75264264267080e-05	7.21211443351275e-05
699.999635591399	15420.3650241464	0.00266416136017911	2.14825692710163e-05	3.90007321235465e-05	9.97862762037187e-05	9.27613579945164e-05
698.503398102151	16037.9773259276	0.00905141936555408	1.75975603471156e-05	1.17153986935152e-05	9.78267037861708e-05	6.91765047304578e-05
699.974070202191	16903.3563502125	0.00643257096527338	1.07628829640506e-05	1.03049440580195e-05	9.94736763312739e-05	9.86583947011577e-05
699.803106285886	15849.2558609974	0.00720174690325020	1.08789326815299e-05	1.00000474515273e-05	9.95178235210359e-05	9.40989173721038e-05
699.988763977951	17272.7324322917	0.00999775354110559	1.08543510608650e-05	1.79604015528982e-05	9.70160028884396e-05	7.36986836917993e-05
699.951716342066	18614.7565471537	0.00714470743730120	1.12872670825289e-05	1.00769697517429e-05	9.96570809169684e-05	8.99603959202874e-05
699.758560486777	17458.7632587666	0.00984062426181264	1.04262101077829e-05	1.69046200576422e-05	9.71151600351938e-05	8.91197285209764e-05
699.926460260623	18272.5550948879	0.00741745956877180	1.04048538980019e-05	1.74283959480904e-05	9.90998188867368e-05	6.24890635953398e-05
698.497767858691	15273.0956237224	0.00891408369879557	1.61511344089436e-05	1.42857970664738e-05	9.99372529370348e-05	8.19832674873225e-05
699.991835149857	18346.6199349754	0.00892972977586603	1.08348770622474e-05	1.23468839466715e-05	9.98493211744003e-05	9.44652181708931e-05
698.711686774519	19886.0505861624	0.00999968826337052	1.00823506995188e-05	1.62073341336993e-05	9.73006227324994e-05	8.36406104291316e-05
699.999895546066	19284.5397453307	0.00567010476191950	1.40981045021236e-05	4.51948110651894e-05	9.93382842626537e-05	7.13171388831886e-05
699.384139357334	16761.8822657503	0.00911857570890916	1.93624729161855e-05	1.01367785268148e-05	9.93187265573771e-05	8.89628739871923e-05
699.961361811592	13482.1236068721	0.00512525909619372	1.07933579667070e-05	1.11444017058164e-05	9.91745699985431e-05	9.92814349144589e-05
699.955119914115	15570.4374156830	0.00969104422458539	1.45686798686721e-05	1.02262242974646e-05	9.81368597900898e-05	5.06064575034785e-05
699.999143451501	16088.0525484757	0.00736107134987047	1.01748879432619e-05	1.00016675762645e-05	9.93685286406666e-05	9.82253342358925e-05
699.826820546984	14037.8529633230	0.00791582344213747	1.04270859816101e-05	1.00000294402879e-05	9.97609306963143e-05	9.97192176592019e-05
699.885408112329	18300.7422180171	0.00999818277294962	1.10377447011995e-05	1.92734743850031e-05	9.52761735550263e-05	9.44221643476875e-05
699.897791966400	16524.1475169623	0.00518026837384098	1.03195130581916e-05	1.00677367682227e-05	9.76364717334845e-05	7.13588991502853e-05
699.897274646792	18247.5554902229	0.00920639112649083	1.09091865080042e-05	1.61120957148706e-05	9.38207096195936e-05	7.76780377411952e-05
699.861032266918	17543.8444955413	0.00545178730046993	1.04227383616538e-05	1.11558083861739e-05	9.54842416414803e-05	8.41758105893089e-05
698.920675326081	16087.2863838494	0.00975750741891806	1.64942504668153e-05	1.68720897306450e-05	9.99300018875251e-05	8.50202882055371e-05
699.885430135534	16500.7368517327	0.00605167246083680	1.15223617593621e-05	1.00185257802098e-05	9.92792855235725e-05	9.37936695106758e-05
699.999813904249	17866.4221948890	0.00732286987167761	1.21790733284049e-05	1.13926631151110e-05	9.78622291134373e-05	9.96953928253617e-05
699.840724241678	15145.7938203736	0.00986705193615239	1.31828171654865e-05	1.05901505016102e-05	9.93274297887926e-05	8.70963307958262e-05
698.932422707281	19056.1523571289	0.00999957512357261	1.03629694731289e-05	1.70495638094511e-05	9.62360309046349e-05	9.62383644487268e-05
699.999641118692	15570.8281525743	0.00716872286845397	1.54912752452521e-05	2.33737840504579e-05	9.97066225916505e-05	8.36493586302385e-05
698.628329223444	14706.3858659063	0.00990884608351509	1.93969752607764e-05	1.20942920447630e-05	9.78670807751248e-05	7.72100331435097e-05
699.991524689213	15855.7176240126	0.00568916017097317	1.08870471316913e-05	1.02250774759527e-05	9.91869628862309e-05	9.76095400954522e-05
699.956168544467	17799.4553507118	0.00906274558488976	1.53263376559710e-05	1.03396029190744e-05	9.66039286397343e-05	3.83498837081189e-05
699.998937113402	17827.1949866895	0.00921262309627813	1.00954711976172e-05	1.00030235818337e-05	9.99551199126897e-05	9.97875918809690e-05
699.982385736581	16256.7641118803	0.00999859900121326	1.02867767834932e-05	2.13529973897835e-05	9.85055338204525e-05	7.99646319947308e-05
699.926302230111	14054.4772873832	0.00181923327982740	1.05789292120256e-05	1.00900999515906e-05	9.80950718115481e-05	9.03918719205359e-05
699.927677800846	19564.6265775681	0.00947139913280373	1.02802836283829e-05	1.25442349220324e-05	9.65085871801763e-05	7.82538042636198e-05
699.962008359484	17612.8678009130	0.00267231527339589	1.00928269723211e-05	1.81369766784442e-05	9.72753892844071e-05	6.14555087606459e-05
699.849805271333	14772.5899281629	0.00890125078698659	1.20860220918658e-05	1.40615946028768e-05	9.76049142786667e-05	6.59649004470484e-05
699.997022804306	19980.8465220933	0.00519312546140221	1.22039501567156e-05	1.15660159395987e-05	9.71203530043906e-05	9.48998149951972e-05
699.828737470959	12796.8769492185	0.00996954699792092	1.13992046105507e-05	1.05788692420855e-05	9.81213151066620e-05	8.65576564859474e-05
698.590460128074	18377.2979794556	0.00999986757953608	1.00702558669676e-05	1.54994692380474e-05	9.75745109065243e-05	6.55933735074998e-05
699.999814176630	16871.2059163590	0.00253085668164676	1.74249029101056e-05	3.44458868849703e-05	9.95360598118307e-05	9.75430693934278e-05
699.354437164548	19751.3730643665	0.00838786617175227	1.97843538622929e-05	1.16470606402262e-05	9.97812279822070e-05	6.83272568886964e-05
699.966939396406	16808.7868177606	0.00734502483232434	1.05922592661873e-05	1.12442936543523e-05	9.96985269268216e-05	9.90348237825864e-05
699.958463669928	17978.5397256903	0.00762388577444783	1.42962541974661e-05	1.00851467958993e-05	9.95272553585322e-05	8.59673270660552e-05
699.932296625334	15902.3744051791	0.00447300241513015	1.03308438500605e-05	1.00000045847872e-05	9.94840325161815e-05	9.68061664341825e-05
699.876874559375	17474.4607468045	0.00999784876820781	1.06077467128028e-05	2.10158142111691e-05	9.71281537181992e-05	7.96651496125906e-05
699.979046271441	18745.4583226145	0.00604709447519761	1.15409991033523e-05	1.01025157537060e-05	9.78471307315174e-05	8.43960057226663e-05
699.894955749580	15622.8207732303	0.00889847591601772	1.04157834424302e-05	1.90393389135796e-05	9.74507835994491e-05	7.77065682727648e-05
699.884097216725	19440.6482936408	0.00233523537097816	1.03609873009750e-05	1.78098851481318e-05	9.48504119566212e-05	8.43734478014116e-05
699.414694081426	19327.8044808241	0.00832510834945023	1.12255627652884e-05	1.48807656237945e-05	9.93683402051224e-05	9.95261812913901e-05
699.501933431887	13071.6495547788	0.00934628169114643	1.16331168626780e-05	1.00196291755626e-05	9.92124771745851e-05	9.32755644323289e-05
699.999041638800	17222.2113923347	0.00747725004217240	1.17233929429550e-05	1.00585394830517e-05	9.86291417890236e-05	9.33403601475264e-05
699.964893282397	17664.8343170587	0.00999969269436285	1.03625026320123e-05	1.37481085903602e-05	9.88133435720924e-05	7.14913945613718e-05
699.999571528843	18868.1798303363	0.00678166393639941	2.13334214464284e-05	2.10244326163749e-05	9.97509533517882e-05	9.38856646367271e-05
698.835386690762	17190.2715039621	0.00990964123287642	2.18587165477529e-05	1.21332922496581e-05	9.89444136330028e-05	9.67471210221938e-05
699.949617638185	19036.5968279924	0.00886352276804197	1.10991105384256e-05	1.13334234852417e-05	9.99863278602793e-05	9.99672719329290e-05
699.908270516963	18007.0242065266	0.00706379833537996	1.07427590422486e-05	1.00000326603457e-05	9.97727809520735e-05	9.77856542694788e-05
699.943976672294	19870.7204142490	0.00999905876798105	1.08873676838936e-05	1.61514731494957e-05	9.73858750567810e-05	7.04122149864856e-05
699.878026378733	16624.9147331439	0.00614057379301406	1.09078897909933e-05	1.00520085839934e-05	9.83520665987054e-05	8.25163033026194e-05
699.906307508515	15698.0303711097	0.00930460799164316	1.04310045828172e-05	2.06168139493406e-05	9.49555266843960e-05	6.58887238689999e-05
699.853266495727	18401.6281120880	0.00616628312360308	1.02594220204436e-05	1.19962766234435e-05	9.28647743486136e-05	7.51577910431665e-05
699.047508830822	17098.4855496613	0.00883883614719084	2.02956247395120e-05	1.73904767842582e-05	9.90017898071541e-05	7.12936805500546e-05
699.999378288616	16424.4516096318	0.00558486416316610	1.21250651169499e-05	1.05135431889953e-05	9.72030283328538e-05	9.66458262360603e-05
699.597410015744	17098.1785056557	0.00983460830161317	1.51078898324563e-05	1.01555233115668e-05	9.99195218928738e-05	8.90151254997105e-05
699.866620450778	17353.2678755079	0.00999951356012230	1.01555990997766e-05	1.52116236746243e-05	9.91347628193999e-05	8.18135877933231e-05
699.999617338224	16112.0379004372	0.00776194498960162	1.55492875698960e-05	1.15814659483100e-05	9.92879048932604e-05	9.77562888630159e-05
698.129485060501	16102.1837264061	0.00938708263792854	1.40729195591724e-05	1.18383864614671e-05	9.75537393655210e-05	8.95463164890575e-05
699.993729461143	18082.2759771050	0.00880746394866972	1.08587263322336e-05	1.05758616228652e-05	9.25979177352881e-05	9.91029372514721e-05
699.981002062044	15943.3135395692	0.00988974730701685	2.13925682550298e-05	1.13737673956764e-05	9.59731452532197e-05	6.91973404622026e-05
699.760666301174	14574.2960673771	0.00636486716630196	1.07879728848288e-05	1.00000257197839e-05	9.92543006031228e-05	9.51677015497469e-05
699.898642535729	16389.8989997168	0.00999953256223557	1.03625103625029e-05	1.60713325945856e-05	9.63790874961677e-05	8.78635828437718e-05
699.996214828506	18312.2277781427	0.00650870624504223	1.12285253758372e-05	1.00822380884533e-05	9.96178777787057e-05	8.94892339456200e-05
699.917636900365	15700.9991708929	0.00749296623804777	1.07608575531419e-05	1.45262137889927e-05	9.32640287180736e-05	7.87163451037133e-05
699.976720377956	17005.9814131176	0.00240808343353422	1.00986234012483e-05	1.81359422039487e-05	9.77117931303412e-05	9.07808396357891e-05
698.590244562175	17813.8025325071	0.00827155383950778	1.19300470704487e-05	1.62655377262539e-05	9.78543165496702e-05	9.35395356465695e-05
699.994887741049	19592.5387178107	0.00437817106952382	1.21569612832187e-05	1.13430667725611e-05	9.81570890179501e-05	9.40882798475033e-05
699.287309756568	15489.4473032468	0.00991066410094013	1.09484763336758e-05	1.03784012903985e-05	9.86631154620801e-05	8.43578887557474e-05
699.630067988226	18454.1246344487	0.00999964190995794	1.03408749258842e-05	1.07008453814695e-05	9.89921776435631e-05	9.77650210183414e-05
699.999849199857	18574.1410402468	0.00634641243998039	2.58366638052011e-05	2.25118286142850e-05	9.97970777325973e-05	8.13905606602031e-05
699.498211230355	14894.6821076839	0.00899175804642414	1.04652365256457e-05	1.27215080258963e-05	9.88156960680935e-05	9.65085908141835e-05
699.973853205513	18402.5543405332	0.00587455158871184	1.00059845185642e-05	1.12100335214745e-05	9.35213564872491e-05	9.80447790117885e-05
699.998415113476	15656.7977055195	0.00802869187118757	1.01417828673500e-05	1.00018866464213e-05	9.95139120678171e-05	9.81053761043974e-05
6.98711670e+02 1.98860508e+04 9.99968871e-03 1.00823509e-05        1.62073338e-05 9.73006245e-05 8.36406107e-05
6.98920654e+02 1.60872861e+04 9.75750759e-03 1.64942503e-05        1.68720890e-05 9.99300028e-05 8.50202850e-05
6.99999634e+02 1.55708281e+04 7.16872280e-03 1.54912759e-05        2.33737846e-05 9.97066236e-05 8.36493564e-05
6.99956177e+02 1.77994551e+04 9.06274561e-03 1.53263372e-05        1.03396033e-05 9.66039297e-05 3.83498846e-05
6.99982361e+02 1.62567637e+04 9.99859907e-03 1.02867771e-05        2.13529966e-05 9.85055303e-05 7.99646295e-05
6.99927673e+02 1.95646270e+04 9.47139878e-03 1.02802833e-05        1.25442348e-05 9.65085856e-05 7.82538045e-05
6.99354431e+02 1.97513730e+04 8.38786643e-03 1.97843547e-05        1.16470610e-05 9.97812313e-05 6.83272592e-05
6.99884094e+02 1.94406484e+04 2.33523548e-03 1.03609873e-05        1.78098853e-05 9.48504094e-05 8.43734451e-05
6.99414673e+02 1.93278047e+04 8.32510833e-03 1.12255630e-05        1.48807658e-05 9.93683425e-05 9.95261798e-05
6.98835388e+02 1.71902715e+04 9.90964100e-03 2.18587174e-05        1.21332923e-05 9.89444161e-05 9.67471206e-05
6.99943970e+02 1.98707207e+04 9.99905914e-03 1.08873674e-05        1.61514727e-05 9.73858769e-05 7.04122140e-05
6.99976746e+02 1.70059805e+04 2.40808353e-03 1.00986235e-05        1.81359428e-05 9.77117961e-05 9.07808426e-05
6.99905348e+02 1.99406260e+04 7.50710239e-03 1.85852810e-05        1.22129904e-05 7.38579030e-05 9.70426673e-05
6.98738493e+02 1.58359503e+04 3.81168794e-03 1.02111029e-05        2.06994372e-05 9.77715155e-05 9.98855080e-05
6.99992693e+02 1.97202525e+04 1.94330817e-03 1.06952255e-05        1.20146241e-05 7.55146708e-05 6.49446073e-05
6.96060166e+02 1.65907127e+04 5.35427632e-03 1.95641814e-05        1.00022914e-05 9.01008782e-05 9.99759645e-05
6.99458839e+02 1.93293115e+04 9.85559091e-03 1.22885948e-05        1.26141376e-05 3.44782480e-05 9.97004342e-05
6.98967741e+02 1.94543208e+04 7.68376709e-03 1.70026465e-05        1.28798648e-05 6.39219214e-05 9.56252117e-05
6.97771493e+02 1.87310303e+04 9.95907660e-03 1.00596396e-05        1.00000129e-05 5.26103551e-05 9.95987397e-05
6.99974203e+02 1.35772500e+04 1.01653259e-03 1.00157447e-05        1.46994561e-05 9.77964285e-05 8.27262780e-05
6.99680608e+02 1.99132081e+04 9.78335566e-03 1.00860653e-05        1.52575053e-05 9.68838937e-05 7.21425489e-05
6.99883522e+02 1.96419106e+04 2.60898920e-03 1.64402385e-05        1.03009822e-05 7.76311798e-05 7.60425868e-05
6.99983070e+02 1.99433672e+04 6.37128608e-03 1.00220258e-05        1.44819807e-05 9.52150879e-05 9.67607470e-05
6.99943840e+02 1.91709666e+04 9.26539853e-03 1.04081297e-05        1.84471206e-05 9.98815469e-05 9.60813911e-05
6.90266538e+02 1.95471008e+04 1.03390981e-03 1.09452062e-05        1.00820937e-05 9.91413230e-05 5.66615883e-05
6.99810682e+02 1.98682611e+04 9.88745736e-03 1.53859978e-05        1.15161751e-05 7.02214183e-05 9.99869663e-05
6.80901687e+02 1.92197749e+04 8.24626752e-03 1.05069081e-05        1.34185235e-05 9.96300372e-05 9.98393398e-05
6.99890928e+02 1.88471937e+04 9.54717389e-03 1.42570393e-05        1.20200035e-05 7.48588016e-05 9.68477651e-05
6.99991941e+02 1.96023621e+04 9.11541752e-03 1.02763102e-05        1.78421065e-05 9.94193274e-05 9.96599035e-05
6.99892876e+02 1.99077308e+04 8.90676315e-03 1.95711103e-05        1.02227471e-05 9.99414870e-05 4.56540167e-05
6.99853355e+02 1.92258698e+04 1.00814031e-03 1.06290423e-05        1.24670373e-05 6.72991875e-05 9.65485851e-05
6.99990178e+02 1.99030744e+04 1.14351489e-03 1.17619014e-05        1.00816900e-05 9.72580352e-05 6.48595515e-05
6.86442821e+02 1.97125325e+04 9.64628867e-03 1.01968660e-05        1.15459051e-05 7.12172027e-05 9.93417430e-05
6.99418818e+02 1.99516806e+04 3.80209637e-03 1.06215754e-05        1.60780162e-05 9.96147648e-05 6.61673574e-05
6.99881492e+02 1.90949436e+04 9.20398321e-03 1.02888942e-05        1.01308322e-05 9.95764190e-05 9.31277135e-05
6.99685587e+02 1.67143372e+04 9.03554669e-03 2.02141234e-05        1.32608749e-05 7.14241477e-05 9.62644940e-05